# Données brutes §24.8.5 + §24.10

## §24.8.5 — Point de rupture

| N pannes | OF coût | FLUX coût | OF+EVENT coût | EVENT coût | OF dispo | FLUX dispo | OF+EVENT dispo | EVENT dispo |
|---|---|---|---|---|---|---|---|---|
| 6 | 142 517 € | 85 556 € | 119 142 € | 74 483 € | 99.5 % | 94.4 % | 99.7 % | 94.4 % |
| 8 | 151 406 € | 89 425 € | 122 605 € | 76 327 € | 99.5 % | 94.3 % | 99.3 % | 94.4 % |
| 10 | 151 406 € | 89 425 € | 122 605 € | 76 327 € | 99.5 % | 94.3 % | 99.3 % | 94.4 % |
| 12 | 151 406 € | 89 425 € | 122 605 € | 76 327 € | 99.5 % | 94.3 % | 99.3 % | 94.4 % |
| 15 | 151 406 € | 89 425 € | 122 605 € | 76 327 € | 99.5 % | 94.3 % | 99.3 % | 94.4 % |

## §24.10 — Matrice paires : amplification de coût

### Doctrine OF

| | Appro | Logi | Qual | Prod | Dem |
|---|---|---|---|---|---|
| Appro | 1.00 | 1.49 | 1.00 | 1.05 | 1.03 |
| Logi | 1.49 | 1.20 | 1.49 | 0.74 | 1.49 |
| Qual | 1.00 | 1.49 | 1.00 | 1.05 | 1.02 |
| Prod | 1.05 | 0.74 | 1.05 | 1.05 | 1.07 |
| Dem | 1.03 | 1.49 | 1.02 | 1.07 | 1.05 |

### Doctrine FLUX

| | Appro | Logi | Qual | Prod | Dem |
|---|---|---|---|---|---|
| Appro | 1.00 | 1.36 | 1.00 | 1.03 | 1.20 |
| Logi | 1.36 | 1.70 | 1.36 | 1.08 | 2.20 |
| Qual | 1.00 | 1.36 | 1.00 | 1.01 | 1.19 |
| Prod | 1.03 | 1.08 | 1.01 | 1.03 | 1.23 |
| Dem | 1.20 | 2.20 | 1.19 | 1.23 | 1.05 |

### Doctrine OF+EVENT

| | Appro | Logi | Qual | Prod | Dem |
|---|---|---|---|---|---|
| Appro | 1.00 | 1.13 | 1.00 | 1.01 | 1.03 |
| Logi | 1.13 | 1.23 | 1.13 | 0.87 | 1.15 |
| Qual | 1.00 | 1.13 | 1.00 | 1.01 | 1.02 |
| Prod | 1.01 | 0.87 | 1.01 | 1.01 | 1.04 |
| Dem | 1.03 | 1.15 | 1.02 | 1.04 | 1.05 |

### Doctrine EVENT

| | Appro | Logi | Qual | Prod | Dem |
|---|---|---|---|---|---|
| Appro | 1.00 | 0.99 | 1.00 | 1.01 | 1.20 |
| Logi | 0.99 | 1.52 | 0.99 | 1.01 | 1.16 |
| Qual | 1.00 | 0.99 | 1.00 | 1.01 | 1.19 |
| Prod | 1.01 | 1.01 | 1.01 | 1.01 | 1.21 |
| Dem | 1.20 | 1.16 | 1.19 | 1.21 | 1.05 |

## §24.10 — Time-to-recover par paire (jours)

### Doctrine OF

| | Appro | Logi | Qual | Prod | Dem |
|---|---|---|---|---|---|
| Appro | 5.8 | 5.6 | 5.8 | 6.6 | 5.4 |
| Logi | 5.6 | 4.8 | 5.6 | 5.8 | 5.8 |
| Qual | 5.8 | 5.6 | 5.8 | 6.4 | 5.6 |
| Prod | 6.6 | 5.8 | 6.4 | 6.6 | 5.6 |
| Dem | 5.4 | 5.8 | 5.6 | 5.6 | 5.2 |

### Doctrine FLUX

| | Appro | Logi | Qual | Prod | Dem |
|---|---|---|---|---|---|
| Appro | 2.4 | 2.8 | 2.4 | 4.0 | 6.8 |
| Logi | 2.8 | 3.0 | 2.8 | 5.0 | 5.0 |
| Qual | 2.4 | 2.8 | 2.4 | 4.0 | 5.0 |
| Prod | 4.0 | 5.0 | 4.0 | 5.0 | 5.8 |
| Dem | 6.8 | 5.0 | 5.0 | 5.8 | 6.4 |

### Doctrine OF+EVENT

| | Appro | Logi | Qual | Prod | Dem |
|---|---|---|---|---|---|
| Appro | 5.8 | 6.0 | 5.8 | 6.0 | 5.4 |
| Logi | 6.0 | 5.8 | 6.0 | 6.0 | 6.2 |
| Qual | 5.8 | 6.0 | 5.8 | 5.8 | 5.6 |
| Prod | 6.0 | 6.0 | 5.8 | 6.0 | 5.8 |
| Dem | 5.4 | 6.2 | 5.6 | 5.8 | 5.2 |

### Doctrine EVENT

| | Appro | Logi | Qual | Prod | Dem |
|---|---|---|---|---|---|
| Appro | 2.4 | 2.8 | 2.4 | 2.4 | 6.8 |
| Logi | 2.8 | 2.8 | 2.8 | 3.0 | 5.2 |
| Qual | 2.4 | 2.8 | 2.4 | 2.4 | 5.0 |
| Prod | 2.4 | 3.0 | 2.4 | 2.4 | 5.6 |
| Dem | 6.8 | 5.2 | 5.0 | 5.6 | 6.4 |
